#id ra dec redshift g_prime_delve g_prime_err_delve r_prime_delve r_prime_err_delve i_prime_delve i_prime_err_delve z_prime_delve z_prime_err_delve vista.vircam.Y_vhs vista.vircam.Y_err_vhs vista.vircam.J_vhs vista.vircam.J_err_vhs vista.vircam.H_vhs vista.vircam.H_err_vhs vista.vircam.Ks_vhs vista.vircam.Ks_err_vhs WISE1 WISE1_err WISE2 WISE2_err
1.0995354252084558e+16 0.08060982742 -18.23605314 -1.0 nan nan nan nan 0.0039331779882607895 0.0002152413388617964 0.009287371116885828 0.0006490523870616733 0.006777120380718688 0.002606141412125551 nan nan nan nan nan nan 0.025846384465694427 0.004466742277145386 0.02246985211968422 0.008704091422259808
1.09954235063365e+16 2.107411252 -6.434606504 -1.0 7.073259637773654e-05 4.139248691674662e-05 0.0008735126525892465 8.476456844413516e-05 0.008132603517596865 0.00024374368556070655 0.025581923742069843 0.0002679289717252703 nan nan 0.025997141619221877 0.0024876087416937573 nan nan 0.0425029231698112 0.008736426826388519 0.057121582329273224 0.005360923707485199 0.08928932249546051 0.01087430864572525
1.0995317725990956e+16 2.958519151 -24.73339037 -1.0 nan nan 0.010363565581507955 0.00013844352911264977 0.06926853458678697 0.0003521325999364666 0.07905708555399109 0.0008167003118169508 0.09406169489056822 0.005700089035031275 0.08797093340002601 0.009476004575122876 nan nan 0.16213515832995398 0.024696280672572846 0.12462356686592102 0.005937300622463226 0.18399229645729065 0.010851442813873291
1.0995320482695976e+16 4.814102125 -24.29921048 -1.0 3.83105511542513e-05 3.7753329474909895e-05 0.0023709456575830273 0.00015617948364013683 0.016876189758036054 0.00027986584685835494 0.05190437907450467 0.0008889876435962951 0.05521486313663641 0.0051376213820105154 0.07396216240781084 0.006908886545158949 nan nan 0.09798644465696116 0.016970966419752223 0.09289664030075073 0.005719989538192749 0.09926576912403107 0.010058566927909851
1.0995254303923664e+16 5.131219014 -36.89498779 -1.0 0.00010394911591070385 1.5387008826349936e-05 9.803176005520509e-05 4.63441438366549e-05 0.00017561321753915818 4.588373503322665e-05 0.009610624298311223 0.00033183193232538995 nan nan 0.028308756968148087 0.005005190082735776 nan nan 0.043033631832069694 0.015282161366827304 0.05530957132577896 0.004587117582559586 0.04817252233624458 0.008251722902059555
1.0995414542058248e+16 9.357335867 -8.119044379 -1.0 0.00010103671090795237 6.963349291240337e-05 0.0017497499911949123 0.0002118695692668196 0.014997262738982147 0.00022305772847378523 0.026577174016688423 0.0004365576901223349 0.03529782941933151 0.0048222199258717395 0.03807869007208622 0.007026888661730325 nan nan nan nan 0.052287761121988297 0.005038019269704819 0.04848410189151764 0.010359995067119598
1.099544920064034e+16 23.00713829 -2.267550754 -1.0 nan nan 0.0006414517584055621 8.765533903709014e-05 0.009187919892093934 0.00012598407649679066 0.02215970629752454 0.0002640775980848574 0.02105813957995377 0.006528220353839372 0.027723726130008994 0.006835363423023908 nan nan 0.05308443508083078 0.01452896522662648 0.07592769712209702 0.004675224423408508 0.10774563997983932 0.009299233555793762
1.0995468831036892e+16 23.3618159 1.110521897 -1.0 nan nan 0.002823314119074025 6.427602940901238e-05 0.019721375397846845 0.0001308807970778654 0.020078201111979208 0.0001845971938462948 nan nan 0.022734237883743243 0.0038275436797256326 0.04284135515970446 0.00583969585775785 0.03984850201136641 0.008310309486190562 0.05233600735664368 0.0050861649215221405 0.06558433920145035 0.010933112353086472
1.0995176476511372e+16 25.79271838 -55.75297001 -1.0 nan nan 6.289382385242071e-05 4.171598256786026e-05 0.0007919686674588909 0.00010663419598590392 0.021987871994781794 0.00026829116519725554 nan nan 0.01790497009553597 0.003949013823840003 nan nan 0.04491009771521709 0.01049745702056245 0.05011870712041855 0.003901869058609009 0.08534923195838928 0.0077246204018592834
1.0995256807922994e+16 29.99159668 -36.56574221 -1.0 5.042315311957532e-05 3.1505372798647276e-05 0.0011246629802325598 6.287465742038667e-05 0.008360279558329213 0.00010648811412546609 0.04966307427247584 0.000224735870180022 nan nan 0.07926363773150248 0.006903597441934181 nan nan 0.07799012205226202 0.013696306496150668 0.06338705122470856 0.004448413848876953 0.07502393424510956 0.008158735930919647
1.0995464332645376e+16 30.88493215 0.2081183218 -1.0 1.299271762836745e-05 1.2845493401617252e-05 0.00038129156689641996 6.386629551498514e-05 0.006689807175399709 0.00013011449023184705 0.020002247649020376 0.0002082479967297074 nan nan 0.045375309465603746 0.0053343569647228625 0.06683180642338046 0.0066070295024162895 0.07370857243516703 0.010604294750921062 0.06367954611778259 0.004849396646022797 0.06558433920145035 0.010325759649276733
1.0995361587921072e+16 32.91887669 -17.07466423 -1.0 nan nan nan nan 0.0016603008873018387 9.792616792039907e-05 0.019981956077029742 0.0002054661241357031 nan nan 0.02652256973735806 0.0036397678824367577 nan nan 0.06282278713807316 0.011973976401556514 0.034229498356580734 0.004662994295358658 0.06373823434114456 0.009388178586959839
1.099520848534254e+16 36.1106148 -47.19149209 -1.0 4.631294518327322e-05 3.640639292580161e-05 1.1331974798247785e-05 1.1329826088039106e-05 0.0011323033703167548 0.00010062518354124169 0.029016351260376383 0.0002555538166122938 nan nan 0.04065762444833195 0.004825711033286509 0.04913344320850557 0.006764073835177631 0.09092933187154582 0.008437376148366954 0.10176544636487961 0.0046696737408638 0.11376266926527023 0.0076909735798835754
1.0995417655284984e+16 37.90686547 -7.481786611 -1.0 nan nan 0.00984711931079711 7.240289684062526e-05 0.06667435145857807 0.0001575348919919256 0.07182433273756217 0.00023911905283958979 nan nan 0.07578896914767536 0.004629090301655828 nan nan 0.1103623145371295 0.01440024621046794 0.12348096072673798 0.005557432770729065 0.1695118099451065 0.010583937168121338
1.099519653472118e+16 41.0043062 -50.14826532 -1.0 2.7284474897571727e-06 2.7284473437557405e-06 nan nan 0.0002903017139988952 9.000967848110219e-05 0.01294306702050991 0.00016935435063094792 nan nan 0.027115748677829763 0.006943997612391801 nan nan 0.047423892771902836 0.014537669574809418 0.04742421954870224 0.0037725940346717834 0.05030371993780136 0.0072907134890556335
1.099544475258711e+16 42.66910576 -2.917485492 -1.0 0.00013988501701216858 5.420524615970952e-05 0.0009258469495317147 7.953408780029094e-05 0.007434524551645723 0.00016616645330266334 0.02302067215709887 0.00023473829357252562 nan nan 0.046828257737800534 0.0068539271280382355 nan nan 0.013187910769241615 0.007110329149131729 0.02810603938996792 0.004161881282925606 0.04168693348765373 nan
1.0995447774580756e+16 43.11116036 -2.622452323 -1.0 4.435784101408974e-05 3.1717422561860755e-05 nan nan 0.00022577466159353675 9.632955961097971e-05 0.013381610972339815 0.00018619124655484126 nan nan 0.014370517238793462 0.0044730334292322396 nan nan nan nan 0.029133982956409454 0.0038991738110780716 0.031944774091243744 0.008653165772557259
1.0995401284916402e+16 49.92368393 -10.1461092 -1.0 nan nan 2.2834904518767905e-05 2.1941731580830145e-05 0.00019553891452439825 0.00010694609896775496 0.005223644344159967 0.00020131829435849832 0.009821241719724016 0.003516170450126232 0.017791018037887518 0.00473849705631153 nan nan 0.04693158265514709 0.012187215956886696 0.04587749391794205 0.003804866224527359 0.05385174974799156 0.00776251032948494
1.0995351585565526e+16 50.56062998 -18.68818233 -1.0 nan nan 6.236544133256219e-05 2.7189905782652835e-05 0.0009742311240686008 0.00010183548484089626 0.015962613563420894 0.00022877519238986843 nan nan 0.02212807322953617 0.002958890380854732 nan nan 0.016136673060434994 0.006807705132866888 0.02102810889482498 0.003212500363588333 0.01551669742912054 0.0059667909517884254
1.0995364575321056e+16 56.71689329 -16.47694168 -1.0 9.385676907878497e-06 9.377115459413886e-06 0.0007679900616829015 5.795242726317146e-05 0.009893911014137908 0.00011267393190695155 0.03959026420324872 0.0002258399515054424 nan nan 0.04033766919041024 0.006145425506052654 nan nan 0.05846398308218709 0.014023374260580423 0.05759706348180771 0.004533041268587112 0.07557878643274307 0.009143292903900146
1.0995468977835758e+16 58.45720165 1.067961044 -1.0 nan nan nan nan 0.001526553397005276 0.0002810313304809223 0.02001470530641708 0.0004302697483065561 nan nan 0.020812104601946692 0.005200354172579561 0.032851832511701665 0.008930399085512093 0.04928863602538184 0.010279422004109195 0.06637431681156158 0.005504772067070007 0.051333360373973846 0.010218396782875061
1.0995407295351122e+16 62.86929779 -9.130503126 -1.0 3.2962246285815886e-05 2.818057734512908e-05 nan nan 0.0005213819595800836 0.00010865528550828144 0.01777067809638573 0.00021061881308906058 0.033622437890351416 0.007462446302389708 0.03986057874199959 0.009122550874304882 nan nan 0.0554042652748917 0.019285873871276026 0.05866779386997223 0.004865635186433792 0.052917517721652985 0.008495401591062546
1.0995218004320068e+16 65.04729474 -44.88992033 -1.0 nan nan 0.00022720903648319152 5.144653177559827e-05 0.0024035214372599223 9.580794987204674e-05 0.02629492884893774 0.0001948448067131854 nan nan 0.021215242484509386 0.004522042356247022 nan nan 0.03637635671412385 0.010601040616077296 0.039264529943466187 0.0027555301785469055 0.03130396455526352 0.005266457796096802
1.0995347359798564e+16 65.50417628 -19.45795673 -1.0 0.00010554867845500915 3.8317800595862926e-05 8.33169954166618e-06 8.329168443956768e-06 0.001594405559398739 9.630229197365482e-05 0.05278372067815748 0.0002179954504029913 nan nan 0.04253566236266539 0.00295152363428227 nan nan 0.08313264528609812 0.010949201149306795 0.12382267415523529 0.005790583789348602 0.15530997514724731 0.00956299901008606
1.0995449403020538e+16 71.45077792 -2.333305862 -1.0 nan nan 0.004789048110921895 0.0001468770935054691 0.029912450986343507 0.00019649311341230977 0.07709233501141446 0.0003322534304914665 nan nan 0.08671431545249673 0.007630648223339392 nan nan 0.08687331618455943 0.015776525022103027 0.09594005346298218 0.004822924733161926 0.09981594979763031 0.009451024234294891
1.0995219102177044e+16 73.50746774 -44.80862485 -1.0 nan nan 0.00035086269912147357 5.310964132238259e-05 0.003074663554673956 0.00014145700301526143 0.029815795429600764 0.00021258131324113777 nan nan 0.027157513243832247 0.0032678295283374813 nan nan 0.024783075503795896 0.008544228128836304 0.04897789657115936 0.0032690875232219696 0.05138061195611954 0.00621587410569191
1.0995417813618814e+16 75.93562885 -7.506155095 -1.0 0.00027655072414375595 6.037060574656816e-05 0.0004892382454535811 0.00015124498514194364 0.005770464850997563 0.00024940181814654683 0.01885417787470427 0.0004985617002730008 nan nan 0.024040173628276016 0.005781349729221532 nan nan nan nan 0.04799550399184227 0.00482366606593132 0.05335800722241402 0.009221319109201431
1.0995396936471064e+16 76.23445266 -10.88780257 -1.0 6.66284944531969e-05 4.733668967790681e-05 0.0001265995027824609 8.088355752478283e-05 0.0022079132207772356 0.00021384584121347675 0.017032045161894757 0.0003490652513649904 nan nan 0.03140445059182089 0.007371848272839883 nan nan 0.04236156536586029 0.013675591395565779 0.11502708494663239 0.005983509123325348 0.10413569957017899 0.010120205581188202
1.0995463193890792e+16 119.4412256 -0.03363637687 -1.0 nan nan 0.001674006731339626 0.00023102306494381304 nan nan 0.033710096829640136 0.0007673411273717429 nan nan 0.01561442514382218 0.007504456034444759 nan nan 0.03447634357219205 0.015416119583507769 0.09981605410575867 0.005713604390621185 0.1350206583738327 0.010741017758846283
1.0995437611779582e+16 137.7272111 -4.235214554 -1.0 1.1274113430336612e-05 1.0367474096201404e-05 nan nan 6.0892695621937696e-05 6.0211166164326124e-05 0.0056979364345920176 0.00040292714047287636 nan nan 0.03040375330329751 0.007985054615626493 nan nan 0.07636641442885148 0.017554136622974857 0.057969603687524796 0.004905581474304199 0.07592769712209702 0.00997992604970932
1.0995449707105328e+16 143.847118 -2.131758375 -1.0 4.7135356918938844e-05 4.126721175385858e-05 0.003962178162142129 0.00015777025202171708 0.020346625896624664 0.0003463897787600763 0.027116747677330987 0.0003933633698338067 0.044888097601955904 0.007529617415287064 0.03426210171067673 0.005920342759995274 0.038918670865286116 0.006102674116271731 0.02190961771813002 0.010142188355751097 0.042266905307769775 0.005181752145290375 0.04277597367763519 0.009540695697069168
1.0995443700865218e+16 151.560902 -3.175121613 -1.0 1.4031755221819647e-05 1.182983111384331e-05 0.002423811267307347 3.982731632896615e-05 nan nan 0.030618421686726488 0.00029255732583700553 0.03981313715258538 0.008077209311430827 0.03291934610524448 0.006779995136084915 nan nan 0.055922065004985574 0.012123125010415466 0.10009206831455231 0.005468480288982391 0.08822670578956604 0.012299008667469025
1.0995388397914872e+16 158.6535492 -12.56181126 -1.0 8.46497344410544e-05 6.451543255362074e-05 0.0007531037324338934 0.00018811153858503185 0.00758899033974107 0.00019896612794375722 0.023866085931596566 0.00045661966113794833 0.04241583295270642 0.00770162985538006 0.030513498206824443 0.007223106110061248 0.04219377668520837 0.013624555592465535 nan nan 0.05405060201883316 0.004937168210744858 0.0834832713007927 0.010167203843593597
1.09953766402319e+16 158.6937471 -14.42107781 -1.0 nan nan 0.0001205094765400756 9.200332391956094e-05 0.004248628910409769 0.00010903031556728192 0.06714696691490996 0.0003291578247002075 0.07930628383262484 0.008211326158335197 0.09716270566751005 0.01111898137563673 0.0587560781766848 0.00963195632002041 0.12187291531803722 0.015288428132592013 0.13740406930446625 0.006546184420585632 0.14804702997207642 0.010769635438919067
1.0995356345044726e+16 164.3649895 -17.97545257 -1.0 nan nan 0.004912846556757009 0.0003399609781954442 0.030020118346255176 0.0006080949896993953 0.04000865945586558 0.0004306727632587132 0.06588631222694916 0.004564299633009285 0.07098130832727231 0.0061816374589042655 nan nan 0.12556898969128694 0.01608122229668507 0.10120464116334915 0.0057931989431381226 0.12450868636369705 0.010010182857513428
1.0995419706300104e+16 170.4318479 -7.311042633 -1.0 nan nan 0.0015950665221675367 0.0002000336754561028 0.015940869263532196 0.00037226269079349526 0.03079487176818148 0.0004443280917651275 0.026171607591130623 0.008014210141817267 0.02815969846143195 0.008284219643235082 0.05740218182455443 0.01593432408183207 0.03484897428751933 0.011716462081385406 0.04790710657835007 0.005131088197231293 0.08241371065378189 0.00997016578912735
1.0995398826014796e+16 174.3973262 -10.82626233 -1.0 nan nan 0.004378204066383044 5.569779498094084e-05 0.026122888696559474 0.0001206776650424686 0.04953926970032662 0.0004258363273585211 0.05418062368691892 0.0063094583195921206 0.052700701966849124 0.005513394171123981 0.06947830263059361 0.010960231836673301 0.07385746545258527 0.017729771406863354 0.0751623660326004 0.005210302770137787 0.0985371395945549 0.010715864598751068
1.0995389940373708e+16 174.7919996 -12.28454937 -1.0 nan nan 0.0009847427679715276 7.368569808846462e-05 0.011146260788369484 9.238731568772356e-05 0.02481082468549296 0.00044889287891799676 0.025027876310652737 0.006180868957316059 0.030228792536552435 0.006837274881381819 nan nan 0.039111673605568165 0.013214951288533259 0.0468166321516037 0.005052827298641205 0.07251031696796417 0.009993039071559906
1.0995387023234356e+16 183.2992076 -12.76762806 -1.0 nan nan 0.001524972457609382 0.0001817971534317272 0.012901375032354534 0.0002089959385291034 0.06283129341691539 0.00039970768862455236 0.06342954557277955 0.004680339770334135 0.07405541158451967 0.004910281183408985 0.081442669428334 0.007173049745827123 0.07720232862579487 0.012487292193808827 0.09264026582241058 0.00602385401725769 0.07755322009325027 0.010317578911781311
1.099531027900677e+16 198.3585637 -26.28939363 -1.0 nan nan 0.007591569984170838 0.00011449533843658436 0.04845493329058811 0.0002083461451014984 0.07532695292483083 0.0003669398547539726 0.07267777113534267 0.004782050846796518 0.0692983349778975 0.006191325538705786 nan nan 0.10895852112362751 0.016573406921639347 0.13231214880943298 0.005838558077812195 0.20854514837265015 0.010665744543075562
1.0995331002009884e+16 213.3629827 -22.56172908 -1.0 nan nan 0.0014469355932256048 0.00022494691896534909 0.01721960559617665 0.00027104719221677023 0.037076437656332534 0.0005917395508037784 0.032782555112684186 0.0050771056543515505 0.027366219119147432 0.006627171919820089 nan nan 0.06372666629231163 0.015950774765320773 0.059758562594652176 0.008708033710718155 0.09341130405664444 0.015068404376506805
1.09954e+16 217.9185176 -7.412084778 -1.0 nan nan nan nan 0.0017661468049720319 0.00027580821228975023 0.022720610676049406 0.0003220228970166987 0.042196730293322215 0.0056383623084378595 0.03767024111583803 0.007219855275433059 0.04309264979907048 0.008718402270041392 0.058569673090662244 0.011796245121860324 0.040513549000024796 0.0042057037353515625 0.043092280626297 0.00883135199546814
1.0995340915248636e+16 231.6576587 -20.83354536 -1.0 nan nan nan nan 0.0007544054201487448 0.00020265590616438023 0.017819569180785567 0.00032449549520646714 nan nan 0.04540018264207872 0.011195560274967903 nan nan 0.05982165171278956 0.016185102417408906 0.03951849415898323 0.005067598074674606 0.03760106489062309 0.010336419567465782
1.0995126504527448e+16 253.390999 -76.24061338 -1.0 nan nan 0.02363160397494587 0.00031716408283230524 0.14145190477770894 0.00040925987333495506 0.19692098524944388 0.0004676513638655899 nan nan 0.23718127535958533 0.009147908267063465 nan nan 0.3103799079548962 0.01889746550368615 0.3865451514720917 0.010880738496780396 0.4821696877479553 0.015724748373031616
1.0995281512373276e+16 291.503867 -31.70074995 -1.0 nan nan nan nan 0.07267777113534267 0.00035648178679181797 nan nan nan nan 0.13296226357032237 0.015961795279532703 nan nan 0.15837520863203955 0.021806878240000077 0.07365461438894272 0.005231969058513641 0.11684209108352661 0.010378822684288025
1.0995338391322828e+16 308.0416656 -21.23399807 -1.0 0.00015257943416575417 8.20440430354415e-05 nan nan 0.0001552568605340527 0.00012346099494636319 0.023844531841088278 0.0008598114998596799 0.026336860293958 0.004715052618923986 0.029621155770676786 0.004718526684565322 nan nan 0.05879326787234351 0.011569699580541888 0.07613781839609146 0.005862899124622345 0.11189226061105728 0.012991473078727722
1.0995321693804748e+16 320.870256 -24.36046006 -1.0 nan nan nan nan 0.011366281298970153 0.0002325617884035222 0.030932284788295714 0.0009011524554026797 0.03059632039016262 0.004333147054844336 0.04403682506697117 0.008198937717441651 nan nan 0.04915177432451008 0.013156225470415672 0.041686978191137314 0.005345672369003296 0.04289430379867554 0.01150374487042427
1.0995456509220536e+16 325.6636913 -1.333394475 -1.0 7.216223904461419e-05 4.4359516558241683e-05 0.0028099591088424944 8.320116490030411e-05 0.017566919048710588 0.0003817673488695286 0.03224627846166661 0.0002383929377443167 nan nan 0.015350764177630254 0.006185073429305448 0.03669178161706373 0.008637781142518786 0.02534888143110157 0.01023249449774966 0.053308937698602676 0.005313541740179062 0.06165943667292595 0.012636512517929077
1.0995438424426384e+16 331.7921883 -4.28228773 -1.0 7.69435110599402e-05 5.341031353809435e-05 0.005239588738073475 0.00025406351966696106 0.06771798081064907 0.0003248994778339981 0.08427787952501198 0.0005062871560781307 0.115813290230257 0.00859995658201572 0.11537953915992613 0.008795051974480925 0.14074209131232662 0.01511248465839557 0.18344758548585252 0.018325942981263388 0.2701469957828522 0.009291499853134155 0.3708515167236328 0.015056401491165161
1.0995433914501424e+16 334.0181487 -5.004900784 -1.0 nan nan 8.147373009863815e-05 6.533812152429152e-05 0.000695434128634936 0.0002001939258895728 0.010237360573798492 0.00033131608436902035 nan nan 0.022160624759526924 0.00482860402160442 nan nan nan nan 0.03981071338057518 0.005041070282459259 0.02684103138744831 nan
1.0995352737942918e+16 340.2040558 -18.66219221 -1.0 nan nan nan nan 0.008787731924220388 0.00016937539143704883 0.03439869762620299 0.0003957296757815115 0.034106315093548965 0.006795239771625355 nan nan nan nan 0.0518701614772572 0.011649797172121508 0.07171333581209183 0.005826219916343689 0.10308603942394257 0.011379659175872803
1.0995467167998336e+16 346.8973233 0.530377471 -1.0 nan nan 0.00015740191071782702 4.9536941706492375e-05 0.0012159227941869815 0.00012039951167498383 0.007000115406286343 0.00016308572605533336 nan nan nan nan 0.0163375300726725 0.005387260770472446 0.009348914758710499 0.005724749440735675 0.04458620399236679 0.005213014781475067 0.05185605213046074 0.010665316134691238
1.0995424995315568e+16 359.1351826 -6.383138492 -1.0 0.00018310002348259107 6.548791758509885e-05 0.0005356718198583172 0.00011523090765203542 0.002130031372205703 0.00018116947314145192 0.04584956292704563 0.00029164667439544184 0.039936610255617004 0.008372758135547692 0.03220665343448971 0.00763606259030376 0.043125724086180345 0.011563325501749211 0.049374191824968085 0.01546039609431133 0.07204440236091614 0.006339117884635925 0.08782127499580383 0.014505051076412201
1.0995618720777132e+16 0.3400887 26.835823 -1.0 nan nan 0.003821758146527417 0.0001850248897461511 nan nan 0.053901245428404 0.000494295664528549 nan nan nan nan nan nan nan nan 0.0853494182229042 0.005033716559410095 0.1312200129032135 0.012315012514591217
1.099561328810647e+16 0.6641312 25.8430852 -1.0 8.822986201038619e-05 5.279491677639417e-05 0.003970960801144439 0.00015426846051161142 nan nan 0.06835741010418322 0.00042636256539732575 nan nan nan nan nan nan nan nan 0.10365727543830872 0.0053014084696769714 0.10176534205675125 0.011233873665332794
1.0995480823596516e+16 2.5428751 3.0631891 -1.0 nan nan 0.0003641088206659565 6.280866689437411e-05 0.006070952012078941 0.00012197162217457164 0.01346897044673907 0.0001842208543721656 nan nan nan nan nan nan nan nan 0.10157813131809235 0.006078757345676422 0.14361503720283508 0.01166774332523346
1.0995492903190776e+16 7.0275517 4.9570787 -1.0 1.0757714145371373e-05 1.073946855246105e-05 0.0004893991379158504 8.703263379424936e-05 0.0028755889097215504 0.00019081975918841662 0.03235817355183395 0.00030792687409794683 nan nan nan nan nan nan nan nan 0.03742831572890282 0.004979446530342102 0.04575088247656822 0.010627243667840958
1.0995506432967704e+16 7.857879 7.176993 -1.0 0.00013085285418943507 7.406084592043844e-05 0.0045407793630627535 0.0001690890230254885 nan nan 0.033714630163834546 0.00039235361746157993 nan nan nan nan nan nan nan nan 0.06309577077627182 0.005604725331068039 0.10784494131803513 0.011195361614227295
1.0995527339479106e+16 8.6082153 10.8518906 -1.0 nan nan 0.00041275581460112955 0.00011244974194365667 nan nan 0.026572474563701508 0.0003788811748934688 nan nan nan nan nan nan nan nan 0.0383354090154171 0.0061840154230594635 0.057174164801836014 0.012792851775884628
1.0995370195682848e+16 9.6502349 -15.4566057 -1.0 0.00011298687576554218 5.897377999286794e-05 0.000360262949252095 0.0001567951316607461 0.0003880856639384925 0.00011928656068808507 0.007701384383725936 0.00042463168675148377 nan nan nan nan nan nan nan nan 0.0573851615190506 0.005145542323589325 0.06222999095916748 0.011085379868745804
1.0995399632357472e+16 9.7355735 -10.431627 -1.0 nan nan 0.00031664045432411417 0.00011146117024620836 0.0017389856570200867 0.00016344713633637724 0.022706698843804198 0.00041747435665106733 nan nan nan nan nan nan nan nan 0.07474807649850845 0.0053734853863716125 0.07564835250377655 0.01036546379327774
1.0995596777229438e+16 14.2334023 22.68661 -1.0 0.0001922277134332351 6.787739014904544e-05 0.0032697187669847114 0.00015627537729670992 nan nan 0.034724499918095945 0.0003876019123156965 nan nan nan nan nan nan nan nan 0.05161787196993828 0.004758089780807495 0.06558433920145035 0.008986473083496094
1.0995625498772892e+16 15.0542791 28.0404989 -1.0 nan nan 0.000865506631933346 0.00013982338558290682 nan nan 0.2244047265204266 0.0004616071555148815 nan nan nan nan nan nan nan nan 0.4965924620628357 0.012642771005630493 0.5877605080604553 0.018121063709259033
1.0995497467646668e+16 19.0595861 5.6381066 -1.0 4.028505862598431e-05 3.6086291138987904e-05 0.011185216637088106 0.00013929503636903734 0.05275776632908142 0.00027984726084350625 0.07355002081992171 0.00039932059197818337 nan nan nan nan nan nan nan nan 0.08566439151763916 0.005274757742881775 0.08332978188991547 0.009675167500972748
1.0995591197754692e+16 20.2246338 21.7853063 -1.0 8.449254661614119e-05 5.6437214073860854e-05 0.005063308626821292 0.00015001478064234283 nan nan 0.038986441802675235 0.0003459126702318599 nan nan nan nan nan nan nan nan 0.06735977530479431 0.005072299391031265 0.07677142322063446 0.010945044457912445
1.0995310970013144e+16 21.4212329 -25.8822439 -1.0 nan nan 0.0016409675764496173 7.40733494462183e-05 0.01403918833130567 0.00010781442128476003 0.039012483680355294 0.00021321229468764663 nan nan nan nan nan nan nan nan 0.09899204224348068 0.005408376455307007 0.10665959864854813 0.010454043745994568
1.0995392281847876e+16 25.2375379 -11.6832182 -1.0 7.084806609153056e-05 3.886118198392206e-05 0.000647263623256943 6.358801420447652e-05 0.007644065504314688 0.0001290538340342302 0.03411596027177263 0.00021954777851182494 nan nan nan nan nan nan nan nan 0.06474409997463226 0.004875339567661285 0.07158134132623672 0.009064063429832458
1.0995271650517138e+16 25.6821972 -33.4626318 -1.0 nan nan 0.0001862733821134108 5.665274858558108e-05 0.0037241743105080743 0.00010733319087682588 0.07568454423644023 0.0002553698590619935 nan nan nan nan nan nan nan nan 0.10794445127248764 0.00504804402589798 0.10774563997983932 0.008113309741020203
1.0995499005903754e+16 27.1569341 6.0056665 -1.0 nan nan 0.00030354424265981937 0.00012444817206580668 nan nan 0.05626951864269571 0.00033567653554594096 nan nan nan nan nan nan nan nan 0.10934533923864365 0.00568806380033493 0.13037672638893127 0.011252455413341522
1.0995488475057866e+16 28.8886105 4.2518258 -1.0 5.321013980535717e-05 3.498858578941083e-05 0.008790759526923937 8.025465565155744e-05 0.045166121658426185 0.00014511210257633217 0.06230940440540031 0.0002423258237861936 nan nan nan nan nan nan nan nan 0.08847086131572723 0.005523912608623505 0.14112357795238495 0.011823147535324097
1.0995636144964764e+16 29.4393017 30.019614 -1.0 7.869153192374838e-05 4.9173168213315684e-05 0.002993670515337281 0.00014003868877932252 nan nan 0.06331636878934337 0.0003359440971551081 nan nan nan nan nan nan nan nan 0.1995263397693634 0.007217392325401306 0.2299322932958603 0.012361899018287659
1.099529491631887e+16 29.5172168 -29.0886305 -1.0 5.133698982900108e-05 3.6624984213437265e-05 0.0011973425050208182 6.568717058831196e-05 0.015328088527040172 0.00013319673789668335 0.07180918537700523 0.0002337740261939003 nan nan nan nan nan nan nan nan 0.10894317179918289 0.005381226539611816 0.1345239132642746 0.009555734694004059
1.0995480966201638e+16 36.5077746 3.0496842 -1.0 7.882827082602476e-05 4.2037318364244964e-05 5.387077208842421e-05 3.935242561573309e-05 0.0012716582115376318 0.0001174445151636372 0.033380251153993123 0.00022233119421845304 nan nan nan nan nan nan nan nan 0.06165950000286102 0.004485335201025009 0.05893857032060623 0.008866064250469208
1.0995443232153018e+16 39.7418407 -3.3127588 -1.0 nan nan 0.0001528682169465735 5.7566243859367416e-05 0.0008390441234447697 0.00011578798229373475 0.0032669312862155246 0.00021809518690953057 nan nan nan nan nan nan nan nan 0.021458519622683525 0.0037248004227876663 0.01894955150783062 0.006938004866242409
1.099543269710968e+16 43.0696539 -5.058901 -1.0 1.600022168868402e-05 1.5774737414773983e-05 nan nan 0.00013869755331569498 8.18677340385082e-05 0.004339782857648405 0.0001930502664532494 nan nan nan nan nan nan nan nan 0.021399322897195816 0.0037957727909088135 0.03426092863082886 0.008006684482097626
1.099528063575666e+16 46.3203998 -31.8487713 -1.0 9.101001794502235e-06 9.05641726618258e-06 8.51539503531333e-05 4.4947389631755796e-05 0.00039186096171308813 0.00010856752418292504 0.007947014400736516 0.00023945010704324102 nan nan nan nan nan nan nan nan 0.025680284947156906 0.0032311473041772842 0.03357372805476189 0.006732696667313576
1.0995308362213588e+16 49.2934434 -26.5544841 -1.0 nan nan 0.0006023337524045993 5.8242934248308614e-05 0.005398113354160994 0.00011200834068569258 0.014328515571742792 0.00022880572906120063 nan nan nan nan nan nan nan nan 0.018146801739931107 0.0028288988396525383 0.017282234504818916 0.005544084124267101
1.0995274271951962e+16 52.1479492 -32.889538 -1.0 6.566319340557365e-05 3.408925835089258e-05 0.0015000951260679403 5.808913517298684e-05 0.011461187039355574 9.21398880251445e-05 0.03327082729939306 0.0002089817577027378 nan nan nan nan nan nan nan nan 0.05252915248274803 0.003415718674659729 0.055975720286369324 0.006316471844911575
1.0995632479143648e+16 106.6101595 29.3513654 -1.0 nan nan nan nan nan nan 0.03122772886904195 0.0006894661760457436 nan nan nan nan nan nan nan nan 0.12870639562606812 0.006695084273815155 0.14112357795238495 0.010986819863319397
1.099564557061974e+16 120.7726787 31.6428599 -1.0 nan nan 0.00012652175283203818 9.060386495524211e-05 nan nan 0.016889391388785528 0.00033944889164392103 nan nan nan nan nan nan nan nan 0.03489799425005913 0.004726313054561615 0.0442180335521698 0.010083116590976715
9907737805587312.0 122.7263581 51.0944848 -1.0 nan nan 0.002089450081553736 0.00020350514779145473 nan nan 0.03452066871234766 0.0003366377960934072 nan nan nan nan nan nan nan nan 0.05048936605453491 0.0045272186398506165 0.07550919055938721 0.009378917515277863
1.0995481346835284e+16 127.28179 3.0656432 -1.0 nan nan 0.0007025725862390232 0.0001250780473132497 0.007107354865199986 0.00028603993260138336 0.017917507709138882 0.00033765642035021165 nan nan nan nan nan nan nan nan 0.03404082730412483 0.004853120073676109 0.041077058762311935 0.009249776601791382
9907735248241680.0 127.3833489 41.2946344 -1.0 5.907770284143162e-05 5.3259395445443494e-05 nan nan nan nan 0.00971849912724819 0.0003163979566129533 nan nan nan nan nan nan nan nan 0.03756644204258919 0.004666127264499664 0.05791616067290306 0.009342595934867859
1.099560966632721e+16 127.3879494 25.1127221 -1.0 nan nan 0.005780193802463236 0.0002001816175380691 0.03398997146596707 0.0002860493030988273 0.04361220049832907 0.00038792818622924996 nan nan nan nan nan nan nan nan 0.06014508381485939 0.005393020808696747 0.07762461155653 0.01167692244052887
1.099546927458501e+16 129.1827381 0.9147662 -1.0 nan nan 0.005925409916942752 6.213899420838293e-05 0.04247517726302383 0.0005456451912139587 0.09161023559025787 0.0004335143825749538 nan nan nan nan nan nan nan nan 0.22866493463516235 0.008271187543869019 0.28707757592201233 0.013424932956695557
9907737442976524.0 129.4077873 49.4835513 -1.0 0.00017843333799091315 0.00010377729258710825 8.16257528719816e-05 8.07002615970442e-05 nan nan 0.017925694885775275 0.0003242265159674636 nan nan nan nan nan nan nan nan 0.04442216828465462 0.004427708685398102 0.0804637223482132 0.008618064224720001
9907734597209548.0 129.945382 39.0031093 -1.0 1.306234650163948e-05 1.3062344893010562e-05 nan nan nan nan 0.013651802602673747 0.00037727768630946984 nan nan nan nan nan nan nan nan 0.0666806623339653 0.005134653300046921 0.09444952011108398 0.010116010904312134
9907739040155522.0 130.1463359 56.4056962 -1.0 nan nan 0.0014502056740239313 0.00019280857396454087 nan nan 0.05083897665564494 0.00036969000035646377 nan nan nan nan nan nan nan nan 0.0599239356815815 0.007055021822452545 0.06905578821897507 0.012666024267673492
1.0995631243924042e+16 130.3313849 29.0844554 -1.0 nan nan 0.0007818668498642227 0.0001409668237498617 0.007014921250463483 0.0003976819017333915 0.03211979760385601 0.00035184959923426073 nan nan nan nan nan nan nan nan 0.03933689370751381 0.005358722060918808 0.052480727434158325 0.010601434856653214
1.0995536731576164e+16 130.622783 12.3141916 -1.0 nan nan 0.00026392151770810227 0.00010473984165368464 0.005228871871626665 0.0001349295091309854 0.05134753504655316 0.0002907211521110051 nan nan nan nan nan nan nan nan 0.09799423068761826 0.005864381790161133 0.06854882836341858 0.010204274207353592
9907732681525206.0 132.700987 32.7799211 -1.0 nan nan 0.0009494970067941128 0.0002028117530317174 nan nan 0.0356356594520961 0.00030229917206212736 nan nan nan nan nan nan nan nan 0.06120690703392029 0.004765115678310394 0.09255485981702805 0.012017063796520233
9907741279521628.0 136.6282268 69.5085052 -1.0 nan nan 0.004769385203302737 0.00018557365713866257 nan nan 0.05039418198685512 0.0005238184131502732 nan nan nan nan nan nan nan nan 0.06373823434114456 0.004309050738811493 0.07684217393398285 0.007976964116096497
9907740927000672.0 138.0319351 66.9797113 -1.0 nan nan 0.0027774867767576665 0.00020553851634453864 nan nan 0.0294674666033089 0.00034883729904856484 nan nan nan nan nan nan nan nan 0.06327030807733536 0.0043858736753463745 0.07027477025985718 0.008558578789234161
1.0995580348141826e+16 139.6192536 19.6791805 -1.0 4.918311146624196e-05 3.646008740791208e-05 0.0006384392812517119 0.00012325133007745365 0.0036214158662281506 0.00015263640362743296 0.018522397493834938 0.0002725753347123869 nan nan nan nan nan nan nan nan 0.07079456746578217 0.0054514482617378235 0.06373823434114456 0.009787183254957199
1.099548743696391e+16 140.9463186 4.0486406 -1.0 nan nan nan nan 0.0001074088334977164 9.035845197879446e-05 0.011430141321071008 0.00025553561038275246 nan nan nan nan nan nan nan nan 0.08637737482786179 0.005690976977348328 0.07585769891738892 0.01027350127696991
1.0995581780493664e+16 141.8408299 20.0233705 -1.0 1.8448658849034757e-05 1.833498782501733e-05 0.0024334229520361346 0.00015037218286897188 0.012380426323626986 0.0002645400202345681 0.03188317772200719 0.0004170995370472233 nan nan nan nan nan nan nan nan 0.06332862377166748 0.006101764738559723 0.029867591336369514 0.009618764743208885
1.0995395726411524e+16 142.3988975 -11.3604846 -1.0 2.0068032699050182e-05 1.9861316430550302e-05 0.0010238322372645157 0.00013875839987030506 0.006857970300442462 0.00016971983814993794 0.019121325742255064 0.00043390632854951525 nan nan nan nan nan nan nan nan 0.03528575226664543 0.004268765449523926 0.020777812227606773 0.007485529407858849
1.0995613869018132e+16 154.1572214 25.6921282 -1.0 nan nan 0.00726698727978404 0.00017506840755438565 0.055732073347152196 0.0002503563748136109 0.0932754171529801 0.000461068772850029 nan nan nan nan nan nan nan nan 0.16353103518486023 0.00692807137966156 0.1685776561498642 0.012550517916679382
1.099559732458596e+16 155.5417932 22.8735807 -1.0 nan nan 0.00936515996718884 0.00021404728632860338 nan nan 0.06558516266156028 0.0005089845858670811 nan nan nan nan nan nan nan nan 0.13049674034118652 0.006560079753398895 0.19897569715976715 0.012251868844032288
1.0995496542803022e+16 157.6128434 5.415183 -1.0 3.882594187153047e-05 3.3731220082184484e-05 nan nan 0.0019578526353551135 0.0001767422007499669 0.041950003364859746 0.0003419418548945702 nan nan nan nan nan nan nan nan 0.07072946429252625 0.005626596510410309 0.09908316284418106 0.012626275420188904
1.0995446745926884e+16 157.907054 -2.6599621 -1.0 0.0003688260606431928 8.539482030859029e-05 0.0014632279895256807 0.00015550684589064152 0.010150045755163595 0.00020033426582993612 0.025640589158828428 0.00031535636587987775 nan nan nan nan nan nan nan nan 0.055513687431812286 0.005302499979734421 0.05536048486828804 0.00998719036579132
1.0995448261126696e+16 159.22564 -2.5438182 -1.0 nan nan 9.369283926580359e-05 6.350909345803555e-05 0.0005606063335870173 0.00017427725989970595 0.03367431731806529 0.0002781113905771862 nan nan nan nan nan nan nan nan 0.060925643891096115 0.005001462996006012 0.0875789150595665 0.010025694966316223
1.0995583274713274e+16 160.3297159 20.1398043 -1.0 nan nan 4.3065034552387015e-05 4.0195919893318315e-05 0.0013323158667425492 0.00020555649970148567 0.01928595726099049 0.0002977413434057108 nan nan nan nan nan nan nan nan 0.0434110201895237 0.005004920065402985 0.041533611714839935 0.009764913469552994
1.0995454309305886e+16 161.1376662 -1.4172613 -1.0 nan nan 0.003795536742956904 0.00013887567489688545 0.026118534186928753 0.0003049185672534746 0.0675301322131746 0.00038334058016126216 nan nan nan nan nan nan nan nan 0.08725689351558685 0.005748920142650604 0.09366980940103531 0.011028029024600983
1.099545582344813e+16 162.079451 -1.161181 -1.0 nan nan nan nan 0.0004561440350380557 0.00021493639472145636 0.005754065483204405 0.00034548758963561833 nan nan nan nan nan nan nan nan 0.03489799425005913 0.005112860351800919 0.026302659884095192 0.009273242205381393
9907733004420772.0 162.1530081 33.6631241 -1.0 0.0001852268751200062 0.00010145529980844139 0.0032629318263027083 0.0003047727425430375 nan nan 0.03813456528388102 0.000350861562167841 nan nan nan nan nan nan nan nan 0.04660149663686752 0.004490092396736145 0.04161015525460243 0.00840551033616066
9907736688135048.0 162.187704 46.6217329 -1.0 0.00015341972501710914 0.00010591796386648535 0.0003466713885622697 0.00019091608210674668 nan nan 0.04984096013848263 0.00033818943229704107 nan nan nan nan nan nan nan nan 0.08725689351558685 0.004615113139152527 0.07606762647628784 0.008272312581539154
9907736753408734.0 163.5220218 46.625088 -1.0 nan nan 0.005474559749088757 0.00022501419301124495 nan nan 0.05095406068761742 0.0003477268772494324 nan nan nan nan nan nan nan nan 0.06081356108188629 0.004475723952054977 0.0723102018237114 0.008277855813503265
1.0995409210049264e+16 164.8687884 -9.105728 -1.0 nan nan 0.00019151182725889163 0.00011041073411703869 0.004752030287526347 0.000591250247757226 0.015104334676361825 0.000580362214592756 nan nan nan nan nan nan nan nan 0.03366668149828911 0.004985293373465538 0.04562467336654663 0.009483754634857178
1.0995470955448238e+16 169.8401657 1.2191721 -1.0 nan nan 0.0007536539852539483 0.0001354125717230385 0.0072412443058511395 0.00018739040380022672 0.01781518760081654 0.0003790195886090933 nan nan nan nan nan nan nan nan 0.05759706348180771 0.0054535456001758575 0.06315384805202484 0.009648177772760391
1.0995504108275064e+16 170.0060981 6.6899795 -1.0 nan nan 3.8271897954363745e-05 3.6684921326306117e-05 nan nan 0.004331421022049593 0.00025093957418941947 nan nan nan nan nan nan nan nan 0.05185616761445999 0.005125705152750015 0.0618869811296463 0.010600946843624115
1.0995514609766076e+16 173.5593607 8.4816118 -1.0 nan nan 0.001008291253767904 8.865314290053305e-05 0.02164246879469265 0.00014748737067037457 0.020414258038484106 0.000317626110526794 nan nan nan nan nan nan nan nan 0.08464474231004715 0.0058675482869148254 0.15024492144584656 0.01182466745376587
9907737633751248.0 173.7873252 50.1923934 -1.0 nan nan nan nan nan nan 0.018471612103769394 0.00047993791350646464 nan nan nan nan nan nan nan nan 0.03691473603248596 0.004014421254396439 0.040476199239492416 0.00766671821475029
9907733628913548.0 174.3237952 35.832451 -1.0 nan nan 0.0011115832654949853 0.00021489714200973256 nan nan 0.0724159779440012 0.0003669297141508099 nan nan nan nan nan nan nan nan 0.07892237603664398 0.004791364073753357 0.0738583654165268 0.009054668247699738
9907734384869808.0 175.9096717 38.1412375 -1.0 0.0003308954535005312 0.00011226476850370221 0.0013335410838061711 0.00023873306412773836 nan nan 0.04617613722075171 0.00025583656451390324 nan nan nan nan nan nan nan nan 0.05109751969575882 0.004410088062286377 0.06510279327630997 0.00907554104924202
1.0995455885312596e+16 176.7767501 -1.1661403 -1.0 nan nan 0.010884287379435887 0.00014294387283666707 0.05082099925460981 0.000357543008411218 0.0692522040505246 0.0003561303588749537 nan nan nan nan nan nan nan nan 0.09436265379190445 0.005891792476177216 0.08822670578956604 0.01038718968629837
1.0995505638146778e+16 177.0137429 7.0356918 -1.0 nan nan 0.0002855170185863874 0.00014418906030936858 0.0014096600761640766 0.00028191060395077764 0.022805878171428196 0.0007594640212171683 nan nan nan nan nan nan nan nan 0.08417828381061554 0.0059795081615448 0.10774563997983932 0.011894039809703827
9907738223971512.0 177.0692174 52.8639526 -1.0 0.0003024346869863758 0.00011717591746701443 0.00022994395664868464 0.0001325293529215155 nan nan 0.05410293181766576 0.00033883590173351685 nan nan nan nan nan nan nan nan 0.12405088543891907 0.005364872515201569 0.11056040972471237 0.008231163024902344
1.0995510136541804e+16 177.4433463 7.8140844 -1.0 4.997674879921784e-05 4.5533966009964816e-05 0.0026003990577402034 0.00019865987417671573 0.017859726339148695 0.00019129983267717615 0.025516975697651278 0.00032461491276518373 nan nan nan nan nan nan nan nan 0.036643773317337036 0.0048164911568164825 0.06474395841360092 0.00994161143898964
1.099550265599882e+16 181.9060478 6.5029614 -1.0 nan nan 0.00018806327725384977 0.00011588518689391443 0.0030017049402995674 0.0001831476282872736 0.0362538054624959 0.0005423318709948596 nan nan nan nan nan nan nan nan 0.048128221184015274 0.005470301955938339 0.06160265952348709 0.010973569005727768
9907738395477782.0 182.3124633 53.4631945 -1.0 nan nan nan nan nan nan 0.01597719000611542 0.00037251349515775474 nan nan nan nan nan nan nan nan 0.0468166321516037 0.003763936460018158 0.05722685903310776 0.007750310003757477
1.0995493639292848e+16 183.1122127 5.0926368 -1.0 9.264926961913836e-05 6.313976514873388e-05 nan nan 0.0006541527929756031 0.0002709789679004776 0.019029229328627134 0.00037654134629996894 nan nan nan nan nan nan nan nan 0.049431100487709045 0.005537588149309158 0.04389346390962601 0.011593673378229141
1.0995571944851096e+16 184.5466478 18.1307055 -1.0 nan nan 0.005692365790477179 0.00017082478284959155 0.02750747962840465 0.00023049890374473095 0.03559121384902355 0.0003813324732657719 nan nan nan nan nan nan nan nan 0.03457799553871155 0.004544930532574654 0.034609824419021606 0.008976807817816734
9907736822746180.0 189.0251963 46.9568519 -1.0 nan nan 0.004640585727634668 0.0002396018239676249 nan nan 0.045025236222460435 0.00032155311005237913 nan nan nan nan nan nan nan nan 0.07950596511363983 0.00482679158449173 0.1073494702577591 0.009895369410514832
1.0995612644280576e+16 190.9200835 25.48999 -1.0 nan nan 0.0005161234599470635 0.00015891361960086335 0.01191563523517707 0.00018865956281358467 0.022985460023424782 0.00039156420472365866 nan nan nan nan nan nan nan nan 0.06309577077627182 0.004912234842777252 0.10384830832481384 0.009832814335823059
9907740418443728.0 194.4895985 63.8269204 -1.0 9.290664985043157e-05 7.472813435181452e-05 0.0004837413363235998 0.00018970742953832999 nan nan 0.029437057759219946 0.0004414813047513254 nan nan nan nan nan nan nan nan 0.05199967324733734 0.0037827007472515106 0.04134275019168854 0.006796631962060928
1.099555607779814e+16 196.3474911 15.3898098 -1.0 0.00010638323680913835 5.913065085274614e-05 0.000596282961820936 0.0001355818722632263 0.00778832381720067 0.00040428749277400273 0.016497935448255875 0.0003587181800186433 nan nan nan nan nan nan nan nan 0.06456542015075684 0.005026582628488541 0.0723102018237114 0.009850554168224335
1.0995487669747992e+16 196.5343996 3.940493 -1.0 nan nan 0.0006706976736961526 0.0001238394761074674 0.009964970101532798 0.00018896365272105115 0.05026369367854004 0.0003366049529004711 nan nan nan nan nan nan nan nan 0.05405060201883316 0.004664961248636246 0.04458610340952873 nan
9907738620790364.0 198.6684232 54.5437734 -1.0 nan nan 0.004377470217447651 0.00023586430982180159 nan nan 0.043913332889863314 0.0003949116013160295 nan nan nan nan nan nan nan nan 0.06373823434114456 0.004363711923360825 0.08912505954504013 0.0077672079205513
1.0995526639031532e+16 199.0339566 10.4758182 -1.0 nan nan nan nan 5.446912515564369e-05 5.42128595248771e-05 0.009722017533897497 0.00036829278692061644 nan nan nan nan nan nan nan nan 0.0602559931576252 0.0047933608293533325 0.09611686319112778 0.009977869689464569
1.0995522179432954e+16 199.7969348 9.8477108 -1.0 9.536829096793367e-07 nan 0.0004364350284861132 0.00012037556059715581 0.002497599507039298 0.00024199364019665765 0.04075570405708188 0.0003645481916154103 nan nan nan nan nan nan nan nan 0.04655863717198372 0.0042917318642139435 0.05016489699482918 0.008784003555774689
9907736096802438.0 201.4163723 44.2662586 -1.0 0.000115137925425867 8.656813322517956e-05 0.00014628250878536306 0.00012548117569440587 nan nan 0.014926129319019732 0.00036966602083108105 nan nan nan nan nan nan nan nan 0.046344734728336334 0.00399988517165184 0.056285906583070755 0.007801804691553116
9907739257078992.0 201.9223352 57.5440002 -1.0 0.00015275435473585908 0.00010309560562583701 0.0008588529268386242 0.0002055587244687452 nan nan 0.015420355996004395 0.00038438596856917723 nan nan nan nan nan nan nan nan 0.033915627747774124 0.0036324970424175262 0.055615995079278946 0.007443472743034363
9907740204928638.0 202.61766 62.4034705 -1.0 nan nan 0.0039780954561450385 0.0002443147402877003 nan nan 0.03225759611684584 0.00047253665169919024 nan nan nan nan nan nan nan nan 0.039482105523347855 0.0027368851006031036 0.04638734832406044 0.0050064995884895325
1.0995455995414828e+16 203.0270168 -1.2237367 -1.0 8.972362261096529e-05 2.7987219676118308e-05 5.9139275528176024e-05 2.4760192683642215e-05 0.00025826930865305373 0.00013258410919707856 0.007913270290339535 0.00030643802490175256 nan nan nan nan nan nan nan nan 0.05252915248274803 0.0046220459043979645 0.08002021908760071 0.009550973773002625
9907730000000000.0 203.9616326 35.5544763 -1.0 nan nan 0.0007891028283329412 0.00022762508725695336 nan nan 0.0334136562191654 0.00027167779648172574 nan nan nan nan nan nan nan nan 0.0623447485268116 0.003892667591571808 0.06729768216609955 0.00770404189825058
1.0995627537206968e+16 205.1676646 28.2244175 -1.0 nan nan 0.0072707899793987086 0.00020348028070841118 nan nan 0.04643959247662388 0.0006311090018306167 nan nan nan nan nan nan nan nan 0.10725075006484985 0.005391508340835571 0.163832426071167 0.009946241974830627
1.0995624886409512e+16 210.4472442 27.8265456 -1.0 nan nan 0.00015609291821930748 8.356472136299099e-05 0.0007540823919496171 0.00027275840273290996 0.018567746577252457 0.0003579222444198768 nan nan nan nan nan nan nan nan 0.028549617156386375 0.0038437619805336 0.02701464109122753 0.007516216486692429
1.0995517751300924e+16 210.8296983 9.047418 -1.0 nan nan 0.0009795756928017495 0.00012327642939398832 0.007468524327897317 0.00021105412824361323 0.02447913119979188 0.00032082908116915637 nan nan nan nan nan nan nan nan 0.03688078746199608 0.003980472683906555 0.03341948613524437 0.007762875407934189
1.0995537069213304e+16 212.7970144 12.2937335 -1.0 nan nan 0.001042544976557189 0.00018113546823083433 0.017243920025529328 0.00021087439097334376 0.04123583564743718 0.00040056574290210645 nan nan nan nan nan nan nan nan 0.06963060796260834 0.00416690856218338 0.1027068942785263 0.008431226015090942
9907733483948502.0 216.8737953 35.3693501 -1.0 3.691373583823526e-05 3.6107878484793304e-05 0.000514831130873913 0.00017013157757490084 nan nan 0.008254272457590674 0.00030169208979520523 nan nan nan nan nan nan nan nan 0.033511932939291 0.0034234821796417236 0.039192214608192444 0.007129516452550888
9907732858669824.0 216.9105885 33.2115869 -1.0 nan nan nan nan nan nan 0.013149002259439949 0.0003893119872460868 nan nan nan nan nan nan nan nan 0.056702230125665665 0.0038333162665367126 0.07164722681045532 0.007496871054172516
9907732779633448.0 217.408408 33.07124 -1.0 0.00024823304804518013 0.00011862313443058127 0.0017578102800883523 0.00020177995382978774 nan nan 0.017338774563650523 0.00045014183317056145 nan nan nan nan nan nan nan nan 0.02135993354022503 0.003396065905690193 0.025870177894830704 0.006461333483457565
9907738678463416.0 217.4671728 54.7880043 -1.0 nan nan 0.000407475592572664 0.0002007261491733068 nan nan 0.012919925220368908 0.00030600364707059936 nan nan nan nan nan nan nan nan 0.046773578971624374 0.003322504460811615 0.023035604506731033 0.005927588790655136
1.0995627586488602e+16 218.3966272 28.3305935 -1.0 0.00019491569016076953 7.878961045539245e-05 0.0011349522757007561 0.0001592967743379647 nan nan 0.020865519401779505 0.00035271930914474933 nan nan nan nan nan nan nan nan 0.03031100519001484 0.003370828926563263 0.03984740003943443 0.006856072694063187
9907737580605000.0 219.0489426 50.1185896 -1.0 nan nan 0.0009260465113895016 0.00019563552554472145 nan nan 0.026268834236037163 0.00036877282810617723 nan nan nan nan nan nan nan nan 0.041001494973897934 0.003226928412914276 0.02766941301524639 0.00571104884147644
1.099560174433504e+16 219.4658359 23.3871834 -1.0 nan nan 0.012422951794292366 0.0002305447021262487 nan nan 0.0691913811861679 0.000578266357689719 nan nan nan nan nan nan nan nan 0.13365969061851501 0.005190074443817139 0.17171171307563782 0.009082034230232239
1.0995525258057004e+16 224.6507074 10.2137501 -1.0 6.472677963331905e-05 4.7876078606661545e-05 0.0012754258062178158 0.0001623095278001003 0.013800308659602202 0.00019563815491045917 0.03965821838851637 0.00038348712823325914 nan nan nan nan nan nan nan nan 0.10356194525957108 0.004843093454837799 0.11056040972471237 0.00879506766796112
1.0995627611653666e+16 225.1534899 28.2675439 -1.0 1.1523648427129107e-05 1.1523132192131193e-05 0.004054995718555276 0.0002013292336051453 nan nan 0.05356022589261891 0.0003309478969914445 nan nan nan nan nan nan nan nan 0.09298224747180939 0.0040212273597717285 0.1053900346159935 0.0071248337626457214
1.0995517824699184e+16 228.4150975 8.9017921 -1.0 nan nan 0.0046467017708986275 0.00017237231708529515 0.021017603753923426 0.0003585248646330412 0.03351138675421054 0.0003818775426295898 nan nan nan nan nan nan nan nan 0.037016890943050385 0.004146907478570938 0.049750715494155884 0.008559979498386383
1.0995634252286344e+16 230.8777831 29.5942103 -1.0 0.00010453602934355888 7.012376870410935e-05 0.002631726781221168 0.00019457625257060084 nan nan 0.02863600304985547 0.0004911565498119212 nan nan nan nan nan nan nan nan 0.046773578971624374 0.003522127866744995 0.04808385297656059 0.006968934088945389
9907733019429858.0 230.9404213 33.7999838 -1.0 nan nan 0.0031957706215463037 0.0002097225840051245 nan nan 0.023365721717428165 0.00032957468514853774 nan nan nan nan nan nan nan nan 0.06321211904287338 0.0034535564482212067 0.09418896585702896 0.0065292418003082275
1.0995504366223776e+16 231.8036594 6.6893957 -1.0 nan nan 0.0034581322654411756 0.00017731863121859832 0.01719535712586666 0.0003728759339316143 0.04164292243368005 0.0003951956331866638 nan nan nan nan nan nan nan nan 0.06315384805202484 0.004540003836154938 0.06075750291347504 0.008709963411092758
1.0995580721431864e+16 233.8869672 19.7222573 -1.0 nan nan nan nan nan nan 0.015491518857077403 0.0004252843347209434 nan nan nan nan nan nan nan nan 0.1291813850402832 0.005472853779792786 0.12977761030197144 0.009329468011856079
1.0995564943508564e+16 235.9451873 17.007842 -1.0 3.106172711520044e-05 2.7223309012879192e-05 0.0017904557823110142 9.375786987254908e-05 0.009596180317403448 0.0001936643406537028 0.02624789016107786 0.0005783717108048675 nan nan nan nan nan nan nan nan 0.05812989920377731 0.004228580743074417 0.04172530397772789 0.008089661598205566
9907739847363348.0 236.4671077 60.473414 -1.0 9.19181341482884e-05 7.013847357391734e-05 0.003527589165029579 0.00020599829334830202 nan nan 0.06230182950701167 0.00035865433746259945 nan nan nan nan nan nan nan nan 0.11956389993429184 0.00400591641664505 0.14507737755775452 0.006018102169036865
9907735622911932.0 240.7248563 42.4736322 -1.0 0.0002432701371594281 0.00010666943005741762 0.0008242261705904524 0.00021379617976988988 nan nan 0.04605580737007904 0.0003541447533693953 nan nan nan nan nan nan nan nan 0.114815354347229 0.004661455750465393 0.14983029663562775 0.00805521011352539
1.099564083420031e+16 242.4051292 30.6964757 -1.0 3.82886804999769e-05 3.6241492066225e-05 7.014565905495674e-05 6.188139097833323e-05 nan nan 0.026884007011797266 0.0004202722047166284 nan nan nan nan nan nan nan nan 0.02973037399351597 0.003644794225692749 0.02468308061361313 0.006785284727811813
9907736767827848.0 243.6046192 46.6747464 -1.0 1.4132181289959335e-05 1.413214090158396e-05 0.0032883951575734343 0.0002823604232893642 nan nan 0.04040322201958866 0.0004772791746820923 nan nan nan nan nan nan nan nan 0.13589398562908173 0.004553183913230896 0.17202816903591156 0.007288068532943726
1.0995471264780462e+16 243.647263 1.2456849 -1.0 nan nan 0.0027481649731798015 0.00012648833282815448 0.018684040499806404 0.0003063812380773405 0.03436196570111703 0.00031639539703987724 nan nan nan nan nan nan nan nan 0.04961352422833443 0.0046562328934669495 0.04528972879052162 0.008408941328525543
9907738061440580.0 245.2539239 51.9302486 -1.0 6.415226581918844e-05 5.6371141989177875e-05 0.0011253095382116993 0.00019446178609301213 nan nan 0.03149233046019841 0.00038102231791768 nan nan nan nan nan nan nan nan 0.16550062596797943 0.004806533455848694 0.20701391994953156 0.0074880123138427734
1.0995643438862462e+16 245.8826598 31.2001547 -1.0 nan nan 9.947033944844789e-05 7.863849876156842e-05 nan nan 0.044429763347169894 0.0004328628604866533 nan nan nan nan nan nan nan nan 0.07433608174324036 0.004319705069065094 0.09103313088417053 0.008315183222293854
1.0995606000500822e+16 247.2972143 24.1277094 -1.0 4.5431261904411596e-05 3.802791307600752e-05 nan nan nan nan 0.017082050443133736 0.0004205141693933122 nan nan nan nan nan nan nan nan 0.058023031800985336 0.0038728713989257812 0.06257481873035431 0.007367119193077087
9907734985441536.0 247.6410685 40.2025215 -1.0 nan nan 0.0002363502140734768 0.00013080724629602455 nan nan 0.02732254815106412 0.000387368073898265 nan nan nan nan nan nan nan nan 0.03042283095419407 0.003283446654677391 0.01682671718299389 0.005709422752261162
1.0995480348597396e+16 249.4674574 2.6994858 -1.0 nan nan 0.003924135544173989 0.00016406726537777395 0.02872044733687183 0.00022589657108237904 0.07232446004397938 0.00032733317012284546 nan nan nan nan nan nan nan nan 0.21737030148506165 0.007862627506256104 0.22908660769462585 0.012116417288780212
9907736573577216.0 252.2272717 46.0575584 -1.0 0.0017724483969797534 0.0001592695899280236 0.0057048154550658 0.00040341843512876636 nan nan 0.03659963885182015 0.0003733666593146792 nan nan nan nan nan nan nan nan 0.05899295583367348 0.003223046660423279 0.06767059862613678 0.005840461701154709
1.0995560667416994e+16 252.6760508 16.2892444 -1.0 0.0001267019211402122 7.526347417633025e-05 0.005592520696689059 0.0001950697958500256 nan nan 0.048019717414411356 0.00043352013623278174 nan nan nan nan nan nan nan nan 0.09444952011108398 0.005324460566043854 0.11545159667730331 0.009477443993091583
9907740000000000.0 252.7157343 54.9502239 -1.0 nan nan 0.0002382418210284243 0.00015198390767755677 nan nan 0.03842985979362758 0.0003878964056785797 nan nan nan nan nan nan nan nan 0.044096097350120544 0.0025241635739803314 0.0485735647380352 0.004680100828409195
9907736508041626.0 254.1477782 45.6870142 -1.0 0.00011274466486499656 7.710897114707595e-05 0.009905554687193625 0.00022342990825483314 nan nan 0.07703782271106173 0.0003853251372336747 nan nan nan nan nan nan nan nan 0.09799423068761826 0.02199646830558777 0.10280155390501022 0.0063299760222435
1.0995622369822234e+16 254.7588346 27.1597315 -1.0 nan nan 0.015892374845831208 0.00017353250977906673 nan nan 0.11350212695563913 0.00041286274799336165 nan nan nan nan nan nan nan nan 0.1295388638973236 0.005373522639274597 0.1472313404083252 0.008938536047935486
9907735346611778.0 265.9295379 41.4138496 -1.0 6.196339429902236e-05 5.691434911993242e-05 0.00030410642795105345 0.00016204867097771613 nan nan 0.023931901131628984 0.0003137987065869388 nan nan nan nan nan nan nan nan 0.038264889270067215 0.003238145262002945 0.0311601459980011 0.0058089252561330795
9907738467112580.0 281.3361502 53.7630888 -1.0 9.755240933410611e-05 6.690106303431002e-05 nan nan nan nan 0.03997337336052726 0.0003583666689095655 nan nan nan nan nan nan nan nan 0.08822670578956604 0.003347724676132202 0.10568168759346008 0.005589619278907776
9907740344979404.0 288.6474946 63.2477889 -1.0 0.00020324300151766995 9.05280305154733e-05 0.0001893440228467314 0.00012980595514265692 nan nan 0.021116230790991806 0.0005873904005280692 nan nan nan nan nan nan nan nan 0.05030371993780136 0.002879500389099121 0.052143462002277374 0.005110744386911392
1.0995537521157868e+16 323.1382772 12.2987381 -1.0 nan nan 0.00019380741991828574 5.5471837706462e-05 nan nan 0.03491370997922508 0.0004026117160722889 nan nan nan nan nan nan nan nan 0.08669614791870117 0.0052633136510849 0.09358366578817368 0.009482897818088531
1.0995471613963728e+16 326.9811009 1.1319606 -1.0 nan nan 0.00014642728165372584 6.197269403853196e-05 0.0022519482180451463 0.0001240316780846346 0.006599715280957303 0.00020886475199412887 nan nan nan nan nan nan nan nan 0.026791684329509735 0.004548344761133194 0.0273149237036705 0.009268146008253098
1.0995280372566068e+16 332.8016718 -32.1036459 -1.0 0.00010384959328260607 8.658625460278716e-05 nan nan 0.0014085063199499987 0.00022233376579587128 0.04341058115965529 0.0006956627649497074 nan nan nan nan nan nan nan nan 0.08645707368850708 0.005472823977470398 0.09935736656188965 0.010232307016849518
1.0995576893081632e+16 347.6620269 18.9220552 -1.0 3.586268486818662e-05 2.833680741247158e-05 0.0011988885155431164 0.00013055169022543542 nan nan 0.07355903106743447 0.00029907622512223564 nan nan nan nan nan nan nan nan 0.14507737755775452 0.005890101194381714 0.1143931970000267 0.011780761182308197
1.0995598075368352e+16 349.409384 22.7360278 -1.0 nan nan 0.006249827058909434 0.00013404496574006587 nan nan 0.06532550865007662 0.0004950487546897114 nan nan nan nan nan nan nan nan 0.10597415268421173 0.005789846181869507 0.12508349120616913 0.009950391948223114
1.0995618686177284e+16 351.309369 26.479932 -1.0 nan nan 0.0022773133916279974 0.0001519304122746877 nan nan 0.04950382992923381 0.0003535897202031485 nan nan nan nan nan nan nan nan 0.10073946416378021 0.005591429769992828 0.11470964550971985 0.010093197226524353
1.0995610521962648e+16 351.8619873 24.9030487 -1.0 nan nan 0.0034769304223179957 0.0001800194665658411 nan nan 0.03268800381690728 0.0004036808484540397 nan nan nan nan nan nan nan nan 0.09981605410575867 0.0054534003138542175 0.13944409787654877 0.010619238018989563
1.0995285626979224e+16 357.1389072 -30.9028285 -1.0 0.0001268083933165001 0.00010201368029803825 nan nan nan nan 0.005701112355367829 0.0004999078348277937 nan nan nan nan nan nan nan nan 0.025775084272027016 0.003776276484131813 0.03400944918394089 nan
1.0995437035062684e+16 0.04166057043 -4.273899854 -1.0 8.876496782731852e-05 4.411206547537364e-05 0.0004209041424461608 6.706867700524298e-05 0.005955557197661051 0.00012726677893063528 0.01845555882719536 0.00020750786437125773 nan nan 0.02028039455775479 0.0062926272187743305 nan nan nan nan nan nan nan nan
1.0995462698967532e+16 1.468062588 -0.1155058337 -1.0 nan nan 0.0008783135848017289 7.62662409887696e-05 0.009454557337855914 0.000192206432070954 0.01696223985229886 0.00023346479085878044 nan nan 0.020709308609517894 0.005683508744168465 0.046384235179870996 0.010537896808067923 0.021268496984893175 0.006933236133119282 nan nan nan nan
1.09954235063365e+16 2.10742929 -6.434563281 -1.0 7.073259637773654e-05 4.139248691674662e-05 0.0008735126525892465 8.476456844413516e-05 0.008132603517596865 0.00024374368556070655 0.025581923742069843 0.0002679289717252703 nan nan 0.024869256405851574 0.0023945514033082115 nan nan 0.025215965406143147 0.008900344722373797 nan nan nan nan
1.09955e+16 8.2975342 -1.423646352 -1.0 5.395533582652513e-05 3.388685634317861e-05 nan nan 0.0005282544935164779 9.53442347338603e-05 0.006580371306973805 0.0001809734825844577 nan nan nan nan 0.013359456801875318 0.004791659171465672 0.005836590178530105 0.0043479326434998355 nan nan nan nan
1.0995414542058248e+16 9.357309744 -8.118993093 -1.0 0.00010103671090795237 6.963349291240337e-05 0.0017497499911949123 0.0002118695692668196 0.014997262738982147 0.00022305772847378523 0.026577174016688423 0.0004365576901223349 0.03529782941933151 0.0048222199258717395 0.03807869007208622 0.007026888661730325 nan nan nan nan nan nan nan nan
1.0995459759806892e+16 20.64775632 -0.6006772035 -1.0 nan nan 1.2654587701569804e-05 1.26339754311259e-05 0.0003623758107340669 9.016132801374887e-05 0.010918716754963191 0.0001973884737388673 nan nan 0.010149681168744517 0.0032057916875690984 nan nan nan nan nan nan nan nan
1.0995468831036892e+16 23.36183421 1.11055459 -1.0 nan nan 0.002823314119074025 6.427602940901238e-05 0.019721375397846845 0.0001308807970778654 0.020078201111979208 0.0001845971938462948 nan nan 0.01830880503379553 0.003632754448813953 0.03288410301227645 0.005801200902237173 0.031885057168881015 0.007816658307785832 nan nan nan nan
1.0995256807922994e+16 29.99150513 -36.5657642 -1.0 5.042315311957532e-05 3.1505372798647276e-05 0.0011246629802325598 6.287465742038667e-05 0.008360279558329213 0.00010648811412546609 0.04966307427247584 0.000224735870180022 nan nan 0.05421306982732179 0.004248793679149973 nan nan 0.08472734545833809 0.012382498875095738 nan nan nan nan
1.0995358688610276e+16 30.1387684 -17.62387759 -1.0 nan nan 0.0002464143525678263 5.3979575441863166e-05 0.001158535110420985 9.399616487304236e-05 0.015212717482535757 0.0001775575067168647 nan nan 0.015122054537269185 0.0036152377040855593 nan nan nan nan nan nan nan nan
1.0995464332645376e+16 30.8848868 0.2081625801 -1.0 1.299271762836745e-05 1.2845493401617252e-05 0.00038129156689641996 6.386629551498514e-05 0.006689807175399709 0.00013011449023184705 0.020002247649020376 0.0002082479967297074 nan nan 0.052743336568321815 0.008752400832371221 0.05747820539806006 0.00942442050328221 0.05255785107727898 0.011316052200218689 nan nan nan nan
1.0995444706445374e+16 31.54660842 -2.927123789 -1.0 nan nan 4.9337416001021776e-05 4.021694260638958e-05 0.0008962995946208514 0.00012222610429471047 0.008718962303658904 0.00022781628023310803 nan nan 0.010715844429969966 0.003656376006454818 nan nan nan nan nan nan nan nan
1.0995462838427898e+16 34.69600353 0.1208240636 -1.0 nan nan nan nan 1.5297201943771804e-05 1.5296039873679717e-05 0.0039881914673953415 0.00022600728815427937 nan nan 0.00906158148218533 0.0041945562249882835 nan nan nan nan nan nan nan nan
1.0995352969675912e+16 38.19140624 -18.57350997 -1.0 nan nan 0.0014614460910714758 6.55031285202775e-05 0.009291743231961008 0.00010878976960742963 0.024026892207503134 0.00022295068416969613 nan nan 0.03129239473674007 0.006640903277476247 nan nan 0.03787644410020653 0.010186301009358797 nan nan nan nan
1.0995188962959518e+16 41.7329544 -52.33052577 -1.0 nan nan 2.175855248490427e-05 2.0966540964456006e-05 3.785297343755936e-05 3.6825043232753966e-05 0.005384463037198643 0.00024934883521453635 nan nan 0.0108112422800317 0.002619241216770039 nan nan 0.037791662720507865 0.009029231046418385 nan nan nan nan
1.0995330349795344e+16 45.1841176 -22.54086263 -1.0 0.00023333656487561113 4.8541383921899434e-05 0.0007830545186132243 7.227551879537852e-05 0.00723322542187882 0.00011182264734658533 0.023367271253806363 0.00024390730099396393 nan nan 0.03067592024731089 0.004920229607237137 nan nan 0.10593054337022986 0.011518108089184603 nan nan nan nan
1.099546137565887e+16 45.88077249 -0.3202578294 -1.0 6.0076635129334005e-05 4.4721551786747764e-05 nan nan 0.0008035453643636245 0.0003201318745190156 0.01335365033327182 0.00024466256526337396 nan nan 0.008811908927532277 0.003755367147269425 0.009382046908312352 0.0032694747354400913 nan nan nan nan nan nan
1.0995209555939588e+16 50.91808205 -47.02228231 -1.0 nan nan nan nan 0.0006305518438718107 9.881704287983495e-05 0.01656341944926827 0.00020382998789315182 nan nan 0.013853413584859964 0.0034385208840021757 0.012488250454234085 0.004985612322579627 0.01877607450889109 0.00698411443636889 nan nan nan nan
1.0995237954523464e+16 52.61631124 -40.42122589 -1.0 3.6885255830072604e-05 3.0710114973713705e-05 nan nan 0.0009603421704971541 0.00014484449068241612 0.01975799176115434 0.00021751316142082366 nan nan 0.022864262630399382 0.004700224705425433 nan nan 0.036764071325361795 0.01050133339341255 nan nan nan nan
1.0995368919564776e+16 53.9605076 -15.7956729 -1.0 nan nan 0.0005825365775994824 5.915300330051692e-05 0.007591660881941589 0.00011420337975595694 0.017871014204050784 0.00020652922040090976 nan nan 0.023028200389802498 0.005486552065733133 nan nan nan nan nan nan nan nan
1.099545839560782e+16 55.42438985 -0.8035691513 -1.0 2.7949111097436168e-05 2.5435933350371067e-05 0.0013490548263389004 0.00011907797737548782 0.01059595243277763 0.00035223903731981636 0.023811677942309192 0.0002645528713332325 nan nan 0.03511963551634741 0.007473374754854413 0.03361485173092565 0.007951226771511187 0.027957427027033924 0.0068049320788803255 nan nan nan nan
1.0995174032284352e+16 62.08011883 -56.54135813 -1.0 nan nan 0.00031752593241104885 6.389456743744268e-05 0.003968734075153516 0.00014881407547081985 0.03322474068399216 0.0002073020482772775 nan nan 0.039185987896273186 0.004339838038341225 nan nan 0.058664908819236285 0.012322436414470478 nan nan nan nan
1.0995221226593044e+16 62.51346298 -44.24461161 -1.0 nan nan 0.00013395249278194606 4.320456000157852e-05 0.0009413432222574584 9.162438514217109e-05 0.017100074401968677 0.00015834915406678224 nan nan 0.020128657028637198 0.004943586967998287 nan nan 0.030964979726294615 0.008745002985430787 nan nan nan nan
1.0995305722943762e+16 65.40852157 -26.95432956 -1.0 8.273696769805847e-05 4.2540797881383016e-05 0.0003478804314293162 5.861492863119258e-05 0.003331473783448961 0.00010108102176778402 0.04621549404305139 0.00019830230932712384 nan nan 0.06369145936400215 0.010628777019419056 nan nan 0.08336328115519971 0.010641919858654467 nan nan nan nan
1.0995435826055184e+16 71.03222111 -4.559169032 -1.0 2.2934728323338764e-05 2.2583596385904186e-05 0.0006867831004293859 0.00012555087765586431 0.006611146788686564 0.0001582138662029253 0.031592587718081544 0.00026716657652677 0.023905024877832044 0.006074882957012726 0.01928027393117324 0.007616883871857261 nan nan nan nan nan nan nan nan
1.0995437611779582e+16 137.7272285 -4.235232441 -1.0 1.1274113430336612e-05 1.0367474096201404e-05 nan nan 6.0892695621937696e-05 6.0211166164326124e-05 0.0056979364345920176 0.00040292714047287636 nan nan 0.04166674742143618 0.009611170317034914 nan nan nan nan nan nan nan nan
1.0995366408228932e+16 151.8186633 -16.18553351 -1.0 nan nan 0.0001853082693206783 9.08625878574363e-05 0.004387965456420674 0.00024530376974485 0.009634101111600984 0.000361349061569944 0.007244653187976579 0.003219830059312895 0.013147876014562401 0.005043835565829715 nan nan nan nan nan nan nan nan
1.0995388397914872e+16 158.6535329 -12.56172639 -1.0 8.46497344410544e-05 6.451543255362074e-05 0.0007531037324338934 0.00018811153858503185 0.00758899033974107 0.00019896612794375722 0.023866085931596566 0.00045661966113794833 0.061871465082800614 0.006326845077197475 nan nan nan nan nan nan nan nan nan nan
1.09953766402319e+16 158.6937804 -14.42104526 -1.0 nan nan 0.0001205094765400756 9.200332391956094e-05 0.004248628910409769 0.00010903031556728192 0.06714696691490996 0.0003291578247002075 0.07930628383262484 0.008211326158335197 0.09716270566751005 0.01111898137563673 0.0587560781766848 0.00963195632002041 0.12187291531803722 0.015288428132592013 nan nan nan nan
1.0995409210049264e+16 164.8691329 -9.105660565 -1.0 nan nan 0.00019151182725889163 0.00011041073411703869 0.004752030287526347 0.000591250247757226 0.015104334676361825 0.000580362214592756 nan nan 0.025174728758074954 0.0052797261690079 nan nan nan nan nan nan nan nan
1.0995419706300104e+16 170.4319135 -7.311040088 -1.0 nan nan 0.0015950665221675367 0.0002000336754561028 0.015940869263532196 0.00037226269079349526 0.03079487176818148 0.0004443280917651275 0.03605055872787127 0.00890034829624527 0.030906853957332926 0.008152275203580233 nan nan nan nan nan nan nan nan
1.099542121834552e+16 173.3198694 -6.945810105 -1.0 4.13828884167478e-05 3.2767646352854085e-05 0.00046161211675744353 6.185143754700582e-05 0.009892234432507155 7.154105708982207e-05 0.015706231702823214 0.00012899741855076224 0.012226968687305835 0.0046575870899250174 0.03008048262538077 0.0075655837857664145 0.029440230096405635 0.007885985842421693 0.0070115946341484745 0.005855903983283761 nan nan nan nan
1.0995343526206972e+16 175.4091799 -20.26547194 -1.0 nan nan 0.0014088449513206063 0.0001475090500077489 0.010925064256948528 0.0002055337944751618 0.028026289256239907 0.0004281953984486206 0.044591491611781 0.00628983132674428 0.045732821907078315 0.008638793518701705 nan nan 0.022523983472741236 0.011817757639356519 nan nan nan nan
1.0995337998112248e+16 207.7780041 -21.18895387 -1.0 4.922834097143244e-05 4.228076767581978e-05 0.00031916848342348244 7.213134108437479e-05 0.0075550475143613 0.00019027150162461304 0.01725658281572143 0.0003090766911867972 0.021841114720771885 0.0056218187093152044 0.019706177939953905 0.00641568160554243 nan nan 0.015732234092467136 0.008897154124848733 nan nan nan nan
1.0995307611426738e+16 209.2058848 -26.70838988 -1.0 nan nan 0.0021068169318850657 9.719664770211798e-05 0.02436369757536081 0.000215968692892244 0.06159848061345872 0.00034490595104641475 0.06965803192378656 0.00852296386813129 0.04843324862380718 0.008564225008921698 nan nan 0.09236988437704274 0.020540325389590525 nan nan nan nan
1.0995391565665464e+16 210.8722711 -12.00949513 -1.0 nan nan nan nan 0.0026744839748227274 0.0001596493581406725 0.012661676112147417 0.0003180153901484496 0.017328189949884547 0.004204958149398953 0.02041501014139811 0.005941628965021019 nan nan nan nan nan nan nan nan
1.0995368104823336e+16 212.297381 -15.98659321 -1.0 3.324828127862654e-05 3.174218910821421e-05 0.0004871806157662917 0.00011947872129822878 0.003932243470871569 0.0001736240575681467 0.010664183268394453 0.0004066303370655836 nan nan 0.019854657512428937 0.005135247596106632 nan nan nan nan nan nan nan nan
1.099536811635742e+16 215.1514126 -16.04171539 -1.0 nan nan 0.003500721807683402 0.0001613026774017136 0.030009889755421952 0.0002087360491946806 0.0727288633145631 0.0003296625096733813 0.08168012618369268 0.0062757068375032116 0.09704053897728203 0.006343982143219115 0.09892243543595991 0.010435735219734371 0.08126935257525841 0.014403005228278101 nan nan nan nan
1.0995368123699934e+16 217.0891081 -16.0453833 -1.0 nan nan 0.00019559493302374615 0.00010945174123903317 0.002098665387873492 0.00020953798429217867 0.03599292985244802 0.0003048963885752404 0.030020975494566466 0.004601768365545676 0.03369352119591695 0.006358563884316479 nan nan 0.0644482011468871 0.010529030936424301 nan nan nan nan
1.09954e+16 217.9185895 -7.41201316 -1.0 nan nan nan nan 0.0017661468049720319 0.00027580821228975023 0.022720610676049406 0.0003220228970166987 0.01841223036753109 0.004467760762308735 0.02483325224936454 0.007301327415406168 nan nan nan nan nan nan nan nan
1.0995358037442658e+16 227.4240601 -17.82409387 -1.0 5.3907947904114594e-05 4.8075628219133516e-05 0.00014735578826828062 8.775142797102932e-05 0.0017935207269661282 0.00013855671910070018 0.039653835442452566 0.00039025606766789067 0.05166827947244363 0.004744606432761443 0.061992107358394 0.006510070056377833 nan nan 0.05703712152633932 0.013196853563749611 nan nan nan nan
1.0995421490975496e+16 238.8510804 -6.897617981 -1.0 1.1373255613284384e-05 1.137256367961471e-05 0.000511638479949621 0.0001613662470930458 0.00751278914429752 0.000224068342860902 0.024855860337605996 0.0003508495151287941 0.023667478975862397 0.007143721959655437 0.013703326326633958 0.004687141622858257 nan nan nan nan nan nan nan nan
1.0995418496239364e+16 239.7124612 -7.402680434 -1.0 nan nan 0.00036589122994727555 8.051273258765089e-05 0.0020394619164327515 0.00021366621088247375 0.05474867335337181 0.00032630030107100305 0.05138969025064483 0.009917134464876541 0.057851310309641905 0.009760997722290596 0.06035365833821475 0.011936109421337403 0.06307022785790313 0.017232698618691894 nan nan nan nan
1.099538579220407e+16 242.4397282 -12.98169756 -1.0 nan nan nan nan 0.01290381119646975 0.00024427713828953715 0.034515868044842996 0.000629666861116665 nan nan 0.035134259123711695 0.005691480064292289 nan nan 0.04216817446072004 0.013359903049426015 nan nan nan nan
1.0995281512373276e+16 291.5038575 -31.70072646 -1.0 nan nan nan nan 0.07267777113534267 0.00035648178679181797 nan nan nan nan 0.08515418564251835 0.007714425347284198 nan nan 0.1552983351601273 0.017717101294862564 nan nan nan nan
1.0995289332660664e+16 300.6732841 -30.22263074 -1.0 0.00019180468014491934 5.013934333887826e-05 0.00014553183320158042 3.0143593417293683e-05 nan nan 0.011490613052859835 9.842593498584837e-05 nan nan 0.019661651770467865 0.007385529651640946 nan nan 0.048593255997861254 0.013424128026007065 nan nan nan nan
1.0995432298649372e+16 307.7635366 -5.195880778 -1.0 nan nan 0.0006516512009933113 0.00017828479524831443 0.007592136364940093 0.00041167641750877986 0.015796017274189365 0.0003863513255199097 nan nan 0.015183755436707927 0.005504935731446579 nan nan nan nan nan nan nan nan
1.0995468537432886e+16 313.3406594 0.7852314569 -1.0 nan nan 5.028082558940658e-05 4.820371543921348e-05 nan nan 0.012081498380057206 0.0003247928391102266 nan nan nan nan nan nan 0.024574913621342915 0.007855247525733071 nan nan nan nan
1.0995464008631356e+16 313.5271016 -0.08732488813 -1.0 nan nan 0.0002561762122465319 0.00010393925883514345 0.002311415386831321 0.0003868606279502694 0.020874880595764207 0.00027776936712769346 nan nan 0.025640778086367257 0.0055467964975414764 0.027068712536230482 0.007225170295040391 0.02132363303455341 0.007845529132618538 nan nan nan nan
1.0995464033798406e+16 319.5530915 -0.0640646327 -1.0 nan nan 0.0011848735368935382 6.831516975331253e-05 0.008830538737094364 0.00014534979725524567 0.011052120211589505 0.00019715715924782662 nan nan 0.017451597984091613 0.0033988777589665266 0.016119100386683557 0.004772744536675684 0.02541143554824301 0.005981453470759977 nan nan nan nan
1.099539794100303e+16 319.6040331 -10.93263227 -1.0 3.194996597541652e-05 2.9638784673980146e-05 0.0008080436095921217 0.00018818466424960344 0.01054730731123051 0.00020545775964480976 0.024825042461590764 0.0006288263545241 0.05776856771572673 0.003935987030424429 0.05281630318458621 0.0057184404088668275 nan nan 0.05609384369392004 0.012454119213998895 nan nan nan nan
1.0995223100396884e+16 322.7928619 -43.98405038 -1.0 nan nan nan nan 0.00033711090384972006 8.274955563994596e-05 0.008298752261405402 0.00022384842151114935 nan nan 0.008041672827220007 0.0030636509602878625 nan nan 0.007273576317497666 0.004632994673251632 nan nan nan nan
1.0995406905280976e+16 328.7340263 -9.507632605 -1.0 nan nan 0.0003630118481723294 0.00016163160117170202 0.00551621011122782 0.00039944324043740195 0.024013573889608397 0.00044963303912462504 0.021705490277153634 0.005672150359627252 0.020967893399663946 0.007468943049104197 nan nan 0.050269758633443226 0.011635872097142425 nan nan nan nan
1.0995154041182972e+16 332.7525864 -63.34886277 -1.0 2.806265777098611e-05 2.364466676716281e-05 3.7842724845377596e-05 3.154711109580452e-05 0.00013327491063835884 7.273399038665831e-05 0.00344972757348706 0.00017879658949882882 nan nan 0.009202546063658439 0.0032544386857488346 nan nan nan nan nan nan nan nan
1.09954580590128e+16 335.0770413 -1.029695165 -1.0 5.590064256112921e-05 3.822718783927171e-05 0.0010840407300246224 6.913634255263819e-05 0.010741704476846923 0.00020108339436057839 0.017665876906306038 0.00017725144983922816 nan nan 0.03411831700021691 0.004893405815728214 0.029627294877621006 0.005396481094812822 0.036241986979247055 0.008806037150917382 nan nan nan nan
1.099519734631784e+16 342.5084125 -50.2617094 -1.0 nan nan 0.00026434798236332454 4.9262058540318186e-05 0.003040829011019954 0.00013349161166149306 0.03199752595360035 0.00021148060826660375 nan nan 0.06957288295707623 0.005654644148548368 0.08578575937670255 0.00976489558371646 0.0834049833501445 0.010247627540903387 nan nan nan nan
1.0995461136590084e+16 348.9441454 -0.3993401337 -1.0 nan nan 3.363008771066642e-05 2.6120346750091867e-05 0.0007892569229761645 9.412644557041947e-05 0.017985031383918552 0.00019812833999358417 nan nan 0.008479065692061319 0.002523020285281647 0.018506487575987114 0.004313128175411646 0.017721823218486348 0.00540359063072582 nan nan nan nan
1.0995373042567544e+16 352.4033896 -15.33733173 -1.0 nan nan nan nan 0.004217353449005717 0.00022525592253310692 0.01051057317175549 0.0005443617915947083 0.016106975570959605 0.004259953433058522 0.014955426404016514 0.004963850315348937 nan nan nan nan nan nan nan nan
